#REFERENCE 3 217.4783710 12.0432340
1	-1.875000	-2.657136	0.308581	-0.451039	
1	-1.888621	-2.636719	0.311908	-0.444072	
2	-1.888621	-2.636719	0.311908	-0.444072	
2	-1.925628	-2.578125	0.321685	-0.424122	
3	-1.933594	-2.564808	0.323958	-0.419592	
3	-1.959966	-2.519531	0.331765	-0.404322	
4	-1.933594	-2.564808	0.323958	-0.419592	
4	-1.925628	-2.578125	0.321685	-0.424122	
5	-1.959966	-2.519531	0.331765	-0.404322	
5	-1.991706	-2.460938	0.342150	-0.384668	
6	-1.992188	-2.460001	0.342319	-0.384354	
6	-1.991706	-2.460938	0.342150	-0.384668	
7	-1.992188	-2.460001	0.342319	-0.384354	
7	-2.021198	-2.402344	0.352802	-0.365232	
8	-2.021198	-2.402344	0.352802	-0.365232	
8	-2.048329	-2.343750	0.363745	-0.345975	
9	-2.109375	-2.191586	0.393329	-0.297168	
9	-2.117901	-2.167969	0.398031	-0.289817	
10	-2.117901	-2.167969	0.398031	-0.289817	
10	-2.137540	-2.109375	0.409891	-0.271737	
11	-2.050781	-2.338124	0.364816	-0.344128	
11	-2.073517	-2.285156	0.374924	-0.326995	
12	-2.050781	-2.338124	0.364816	-0.344128	
12	-2.048329	-2.343750	0.363745	-0.345975	
13	-2.073517	-2.285156	0.374924	-0.326995	
13	-2.096628	-2.226562	0.386364	-0.308256	
14	-2.109375	-2.191586	0.393329	-0.297168	
14	-2.096628	-2.226562	0.386364	-0.308256	
15	-2.137540	-2.109375	0.409891	-0.271737	
15	-2.155459	-2.050781	0.421959	-0.253999	
16	-2.167969	-2.006185	0.431281	-0.240738	
16	-2.155459	-2.050781	0.421959	-0.253999	
17	-2.167969	-2.006185	0.431281	-0.240738	
17	-2.171887	-1.992188	0.434195	-0.236670	
18	-2.171887	-1.992188	0.434195	-0.236670	
18	-2.187162	-1.933594	0.446530	-0.219851	
19	-2.187162	-1.933594	0.446530	-0.219851	
19	-2.201166	-1.875000	0.458977	-0.203523	
20	-1.054688	-3.350322	0.223592	-0.685934	
20	-0.996094	-3.375187	0.221930	-0.693325	
21	-0.996094	-3.375187	0.221930	-0.693325	
21	-0.937500	-3.397581	0.220584	-0.699654	
22	-1.054688	-3.350322	0.223592	-0.685934	
22	-1.077316	-3.339844	0.224355	-0.682667	
23	-1.113281	-3.323130	0.225571	-0.677603	
23	-1.077316	-3.339844	0.224355	-0.682667	
24	-1.171875	-3.293382	0.227921	-0.668224	
24	-1.113281	-3.323130	0.225571	-0.677603	
25	-1.171875	-3.293382	0.227921	-0.668224	
25	-1.193969	-3.281250	0.228948	-0.664268	
26	-1.289062	-3.225815	0.233883	-0.646237	
26	-1.293989	-3.222656	0.234186	-0.645172	
27	-1.347656	-3.187767	0.237576	-0.633585	
27	-1.293989	-3.222656	0.234186	-0.645172	
28	-1.347656	-3.187767	0.237576	-0.633585	
28	-1.381537	-3.164062	0.240014	-0.625553	
29	-1.289062	-3.225815	0.233883	-0.646237	
29	-1.230469	-3.261038	0.230669	-0.657812	
30	-1.230469	-3.261038	0.230669	-0.657812	
30	-1.193969	-3.281250	0.228948	-0.664268	
31	-1.406250	-3.146472	0.241846	-0.619663	
31	-1.381537	-3.164062	0.240014	-0.625553	
32	-1.406250	-3.146472	0.241846	-0.619663	
32	-1.460054	-3.105469	0.246339	-0.605690	
33	-1.464844	-3.101741	0.246753	-0.604431	
33	-1.460054	-3.105469	0.246339	-0.605690	
34	-1.523438	-3.053361	0.252365	-0.587847	
34	-1.464844	-3.101741	0.246753	-0.604431	
35	-1.523438	-3.053361	0.252365	-0.587847	
35	-1.530859	-3.046875	0.253147	-0.585599	
36	-1.582031	-3.000921	0.258788	-0.569773	
36	-1.595356	-2.988281	0.260396	-0.565384	
37	-1.582031	-3.000921	0.258788	-0.569773	
37	-1.530859	-3.046875	0.253147	-0.585599	
38	-1.640625	-2.943966	0.266146	-0.550073	
38	-1.595356	-2.988281	0.260396	-0.565384	
39	-1.640625	-2.943966	0.266146	-0.550073	
39	-1.654494	-2.929688	0.268057	-0.545111	
40	-1.699219	-2.881951	0.274584	-0.528589	
40	-1.708934	-2.871094	0.276109	-0.524820	
41	-1.699219	-2.881951	0.274584	-0.528589	
41	-1.654494	-2.929688	0.268057	-0.545111	
42	-1.757812	-2.814177	0.284288	-0.505124	
42	-1.708934	-2.871094	0.276109	-0.524820	
43	-1.757812	-2.814177	0.284288	-0.505124	
43	-1.759194	-2.812500	0.284534	-0.504544	
44	-0.703125	-3.466136	0.217498	-0.716229	
44	-0.644531	-3.478227	0.217190	-0.718227	
45	-0.644531	-3.478227	0.217190	-0.718227	
45	-0.585938	-3.488323	0.217029	-0.719354	
46	-0.585938	-3.488323	0.217029	-0.719354	
46	-0.527344	-3.496479	0.216992	-0.719634	
47	-0.527344	-3.496479	0.216992	-0.719634	
47	-0.468750	-3.502738	0.217059	-0.719086	
48	-0.878906	-3.417982	0.219471	-0.705201	
48	-0.820312	-3.436126	0.218609	-0.709773	
49	-0.878906	-3.417982	0.219471	-0.705201	
49	-0.935033	-3.398438	0.220538	-0.699877	
50	-0.703125	-3.466136	0.217498	-0.716229	
50	-0.740990	-3.457031	0.217809	-0.714330	
51	-0.761719	-3.452089	0.217967	-0.713397	
51	-0.740990	-3.457031	0.217809	-0.714330	
52	-0.820312	-3.436126	0.218609	-0.709773	
52	-0.761719	-3.452089	0.217967	-0.713397	
53	-0.937500	-3.397581	0.220584	-0.699654	
53	-0.935033	-3.398438	0.220538	-0.699877	
54	-0.234375	-3.509430	0.217969	-0.708918	
54	-0.175781	-3.506600	0.218268	-0.704422	
55	-0.175781	-3.506600	0.218268	-0.704422	
55	-0.117188	-3.501973	0.218563	-0.699147	
56	-0.117188	-3.501973	0.218563	-0.699147	
56	-0.058594	-3.495539	0.218836	-0.693088	
57	-0.058594	-3.495539	0.218836	-0.693088	
57	0.000000	-3.487278	0.219071	-0.686236	
58	-0.468750	-3.502738	0.217059	-0.719086	
58	-0.410156	-3.507138	0.217208	-0.717729	
59	-0.410156	-3.507138	0.217208	-0.717729	
59	-0.351562	-3.509708	0.217421	-0.715576	
60	-0.351562	-3.509708	0.217421	-0.715576	
60	-0.292969	-3.510468	0.217680	-0.712637	
61	-0.292969	-3.510468	0.217680	-0.712637	
61	-0.234375	-3.509430	0.217969	-0.708918	
62	-1.759194	-2.812500	0.284534	-0.504544	
62	-1.805645	-2.753906	0.293322	-0.484302	
63	-1.816406	-2.739657	0.295512	-0.479388	
63	-1.805645	-2.753906	0.293322	-0.484302	
64	-1.816406	-2.739657	0.295512	-0.479388	
64	-1.848699	-2.695312	0.302450	-0.464138	
65	-1.875000	-2.657136	0.308581	-0.451039	
65	-1.848699	-2.695312	0.302450	-0.464138	
66	-2.201166	-1.875000	0.458977	-0.203523	
66	-2.214071	-1.816406	0.471497	-0.187747	
67	-2.214071	-1.816406	0.471497	-0.187747	
67	-2.226066	-1.757812	0.484038	-0.172586	
68	-2.226562	-1.755286	0.484579	-0.171946	
68	-2.226066	-1.757812	0.484038	-0.172586	
69	-2.226562	-1.755286	0.484579	-0.171946	
69	-2.237664	-1.699219	0.496473	-0.158188	
70	-2.237664	-1.699219	0.496473	-0.158188	
70	-2.248777	-1.640625	0.508796	-0.144545	
71	-2.248777	-1.640625	0.508796	-0.144545	
71	-2.259624	-1.582031	0.520934	-0.131725	
72	-2.259624	-1.582031	0.520934	-0.131725	
72	-2.270451	-1.523438	0.532795	-0.119803	
73	-2.270451	-1.523438	0.532795	-0.119803	
73	-2.281521	-1.464844	0.544278	-0.108848	
74	-2.285156	-1.446629	0.547725	-0.105675	
74	-2.281521	-1.464844	0.544278	-0.108848	
75	-2.285156	-1.446629	0.547725	-0.105675	
75	-2.293351	-1.406250	0.555200	-0.098986	
76	-2.293351	-1.406250	0.555200	-0.098986	
76	-2.306110	-1.347656	0.565456	-0.090248	
77	-2.306110	-1.347656	0.565456	-0.090248	
77	-2.319993	-1.289062	0.574927	-0.082662	
78	-2.319993	-1.289062	0.574927	-0.082662	
78	-2.335320	-1.230469	0.583446	-0.076270	
79	-2.343750	-1.201579	0.587166	-0.073620	
79	-2.335320	-1.230469	0.583446	-0.076270	
80	-2.343750	-1.201579	0.587166	-0.073620	
80	-2.352681	-1.171875	0.590749	-0.071159	
81	-2.352681	-1.171875	0.590749	-0.071159	
81	-2.372483	-1.113281	0.596604	-0.067351	
82	-2.372483	-1.113281	0.596604	-0.067351	
82	-2.394875	-1.054688	0.600851	-0.064795	
83	-2.402344	-1.037211	0.601690	-0.064317	
83	-2.420874	-0.996094	0.603021	-0.063588	
84	-2.402344	-1.037211	0.601690	-0.064317	
84	-2.394875	-1.054688	0.600851	-0.064795	
85	-2.420874	-0.996094	0.603021	-0.063588	
85	-2.450835	-0.937500	0.602843	-0.063665	
86	-2.578125	-0.763712	0.581043	-0.072229	
86	-2.580231	-0.761719	0.580466	-0.072429	
87	-2.636719	-0.713176	0.563656	-0.077928	
87	-2.580231	-0.761719	0.580466	-0.072429	
88	-2.636719	-0.713176	0.563656	-0.077928	
88	-2.652422	-0.703125	0.558329	-0.079558	
89	-2.460938	-0.919705	0.602220	-0.063958	
89	-2.486181	-0.878906	0.599631	-0.065116	
90	-2.519531	-0.831215	0.594415	-0.067276	
90	-2.486181	-0.878906	0.599631	-0.065116	
91	-2.519531	-0.831215	0.594415	-0.067276	
91	-2.528127	-0.820312	0.592726	-0.067941	
92	-2.460938	-0.919705	0.602220	-0.063958	
92	-2.450835	-0.937500	0.602843	-0.063665	
93	-2.578125	-0.763712	0.581043	-0.072229	
93	-2.528127	-0.820312	0.592726	-0.067941	
94	-2.812500	-0.647091	0.495394	-0.096213	
94	-2.753906	-0.656208	0.520236	-0.090125	
95	-2.753906	-0.656208	0.520236	-0.090125	
95	-2.695312	-0.677448	0.543209	-0.083958	
96	-2.695312	-0.677448	0.543209	-0.083958	
96	-2.652422	-0.703125	0.558329	-0.079558	
97	-2.578125	-0.075779	0.663888	-0.064760	
97	-2.558646	-0.058594	0.673742	-0.062885	
98	-2.519531	-0.023449	0.693266	-0.059438	
98	-2.496462	0.000000	0.704756	-0.057594	
99	-2.558646	-0.058594	0.673742	-0.062885	
99	-2.519531	-0.023449	0.693266	-0.059438	
100	-2.812500	-0.189854	0.549478	-0.091492	
100	-2.755273	-0.175781	0.576416	-0.084482	
101	-2.753906	-0.175431	0.577059	-0.084320	
101	-2.695312	-0.152798	0.605368	-0.077418	
102	-2.755273	-0.175781	0.576416	-0.084482	
102	-2.753906	-0.175431	0.577059	-0.084320	
103	-2.636719	-0.118678	0.634498	-0.070819	
103	-2.634676	-0.117188	0.635534	-0.070595	
104	-2.695312	-0.152798	0.605368	-0.077418	
104	-2.636719	-0.118678	0.634498	-0.070819	
105	-2.634676	-0.117188	0.635534	-0.070595	
105	-2.578125	-0.075779	0.663888	-0.064760	
106	0.292969	-3.418219	0.219025	-0.640124	
106	0.351562	-3.398581	0.218636	-0.628427	
107	0.234375	-3.435788	0.219259	-0.650931	
107	0.292969	-3.418219	0.219025	-0.640124	
108	0.351562	-3.398581	0.218636	-0.628427	
108	0.351952	-3.398438	0.218632	-0.628342	
109	0.351952	-3.398438	0.218632	-0.628342	
109	0.410156	-3.377260	0.218082	-0.616112	
110	0.410156	-3.377260	0.218082	-0.616112	
110	0.468750	-3.353745	0.217327	-0.602862	
111	0.000000	-3.487278	0.219071	-0.686236	
111	0.058594	-3.477163	0.219249	-0.678580	
112	0.058594	-3.477163	0.219249	-0.678580	
112	0.117188	-3.465159	0.219352	-0.670104	
113	0.117188	-3.465159	0.219352	-0.670104	
113	0.151462	-3.457031	0.219370	-0.664615	
114	0.175781	-3.451354	0.219361	-0.660874	
114	0.234375	-3.435788	0.219259	-0.650931	
115	0.151462	-3.457031	0.219370	-0.664615	
115	0.175781	-3.451354	0.219361	-0.660874	
116	0.585938	-3.300551	0.215142	-0.573929	
116	0.623724	-3.281250	0.214198	-0.563680	
117	0.468750	-3.353745	0.217327	-0.602862	
117	0.500523	-3.339844	0.216815	-0.595143	
118	0.527344	-3.328185	0.216355	-0.588799	
118	0.585938	-3.300551	0.215142	-0.573929	
119	0.500523	-3.339844	0.216815	-0.595143	
119	0.527344	-3.328185	0.216355	-0.588799	
120	0.623724	-3.281250	0.214198	-0.563680	
120	0.644531	-3.270652	0.213654	-0.558158	
121	0.644531	-3.270652	0.213654	-0.558158	
121	0.703125	-3.238560	0.211871	-0.541567	
122	0.703125	-3.238560	0.211871	-0.541567	
122	0.730187	-3.222656	0.210916	-0.533418	
123	0.761719	-3.204105	0.209757	-0.524082	
123	0.820312	-3.167106	0.207270	-0.505633	
124	0.730187	-3.222656	0.210916	-0.533418	
124	0.761719	-3.204105	0.209757	-0.524082	
125	0.820312	-3.167106	0.207270	-0.505633	
125	0.824864	-3.164062	0.207055	-0.504122	
126	0.824864	-3.164062	0.207055	-0.504122	
126	0.878906	-3.127740	0.204399	-0.486381	
127	0.878906	-3.127740	0.204399	-0.486381	
127	0.909978	-3.105469	0.202667	-0.475592	
128	0.909978	-3.105469	0.202667	-0.475592	
128	0.937500	-3.085588	0.201074	-0.466117	
129	0.937500	-3.085588	0.201074	-0.466117	
129	0.987947	-3.046875	0.197804	-0.447791	
130	1.171875	-2.886901	0.182344	-0.375009	
130	1.188018	-2.871094	0.180652	-0.368026	
131	1.230469	-2.828634	0.175990	-0.349533	
131	1.245925	-2.812500	0.174163	-0.342555	
132	1.188018	-2.871094	0.180652	-0.368026	
132	1.230469	-2.828634	0.175990	-0.349533	
133	0.987947	-3.046875	0.197804	-0.447791	
133	0.996094	-3.040558	0.197255	-0.444848	
134	0.996094	-3.040558	0.197255	-0.444848	
134	1.054688	-2.992582	0.192902	-0.422606	
135	1.054688	-2.992582	0.192902	-0.422606	
135	1.059686	-2.988281	0.192496	-0.420623	
136	1.113281	-2.941464	0.187956	-0.399355	
136	1.126109	-2.929688	0.186769	-0.394040	
137	1.059686	-2.988281	0.192496	-0.420623	
137	1.113281	-2.941464	0.187956	-0.399355	
138	1.126109	-2.929688	0.186769	-0.394040	
138	1.171875	-2.886901	0.182344	-0.375009	
139	1.245925	-2.812500	0.174163	-0.342555	
139	1.289062	-2.766349	0.168807	-0.322875	
140	1.289062	-2.766349	0.168807	-0.322875	
140	1.300245	-2.753906	0.167323	-0.317610	
141	1.347656	-2.699660	0.160690	-0.294978	
141	1.351322	-2.695312	0.160146	-0.293180	
142	1.300245	-2.753906	0.167323	-0.317610	
142	1.347656	-2.699660	0.160690	-0.294978	
143	1.351322	-2.695312	0.160146	-0.293180	
143	1.399421	-2.636719	0.152647	-0.269252	
144	1.399421	-2.636719	0.152647	-0.269252	
144	1.406250	-2.628137	0.151524	-0.265793	
145	1.406250	-2.628137	0.151524	-0.265793	
145	1.444814	-2.578125	0.144843	-0.245829	
146	1.444814	-2.578125	0.144843	-0.245829	
146	1.464844	-2.551169	0.141153	-0.235221	
147	1.464844	-2.551169	0.141153	-0.235221	
147	1.487704	-2.519531	0.136746	-0.222907	
148	1.487704	-2.519531	0.136746	-0.222907	
148	1.523438	-2.468023	0.129395	-0.203164	
149	1.523438	-2.468023	0.129395	-0.203164	
149	1.528234	-2.460938	0.128369	-0.200481	
150	1.528234	-2.460938	0.128369	-0.200481	
150	1.566616	-2.402344	0.119727	-0.178565	
151	1.582031	-2.377762	0.116019	-0.169507	
151	1.602944	-2.343750	0.110831	-0.157154	
152	1.566616	-2.402344	0.119727	-0.178565	
152	1.582031	-2.377762	0.116019	-0.169507	
153	1.602944	-2.343750	0.110831	-0.157154	
153	1.637280	-2.285156	0.101689	-0.136240	
154	1.637280	-2.285156	0.101689	-0.136240	
154	1.640625	-2.279228	0.100748	-0.134147	
155	1.640625	-2.279228	0.100748	-0.134147	
155	1.669903	-2.226562	0.092328	-0.115868	
156	1.669903	-2.226562	0.092328	-0.115868	
156	1.699219	-2.170727	0.083192	-0.096908	
157	1.699219	-2.170727	0.083192	-0.096908	
157	1.700650	-2.167969	0.082738	-0.095989	
158	1.700650	-2.167969	0.082738	-0.095989	
158	1.729929	-2.109375	0.072966	-0.076682	
159	1.729929	-2.109375	0.072966	-0.076682	
159	1.757442	-2.050781	0.062983	-0.057871	
160	1.757442	-2.050781	0.062983	-0.057871	
160	1.757812	-2.049959	0.062841	-0.057610	
161	1.757812	-2.049959	0.062841	-0.057610	
161	1.783692	-1.992188	0.052856	-0.039666	
162	1.783692	-1.992188	0.052856	-0.039666	
162	1.808337	-1.933594	0.042549	-0.021983	
163	1.816406	-1.913381	0.038944	-0.015989	
163	1.831732	-1.875000	0.032117	-0.004902	
164	1.808337	-1.933594	0.042549	-0.021983	
164	1.816406	-1.913381	0.038944	-0.015989	
165	1.875000	-1.756308	0.010603	0.027927	
165	1.894273	-1.699219	0.000162	0.042769	
166	1.894273	-1.699219	0.000162	0.042769	
166	1.912801	-1.640625	-0.010634	0.057413	
167	1.912801	-1.640625	-0.010634	0.057413	
167	1.930135	-1.582031	-0.021486	0.071438	
168	1.933594	-1.569643	-0.023797	0.074336	
168	1.946663	-1.523438	-0.032305	0.084749	
169	1.930135	-1.582031	-0.021486	0.071438	
169	1.933594	-1.569643	-0.023797	0.074336	
170	1.946663	-1.523438	-0.032305	0.084749	
170	1.962217	-1.464844	-0.043103	0.097385	
171	1.962217	-1.464844	-0.043103	0.097385	
171	1.976784	-1.406250	-0.053861	0.109346	
172	1.976784	-1.406250	-0.053861	0.109346	
172	1.990440	-1.347656	-0.064545	0.120614	
173	1.990440	-1.347656	-0.064545	0.120614	
173	1.992188	-1.339712	-0.065994	0.122096	
174	1.992188	-1.339712	-0.065994	0.122096	
174	2.003551	-1.289062	-0.075045	0.131101	
175	2.003551	-1.289062	-0.075045	0.131101	
175	2.015937	-1.230469	-0.085372	0.140854	
176	2.015937	-1.230469	-0.085372	0.140854	
176	2.027638	-1.171875	-0.095488	0.149866	
177	2.027638	-1.171875	-0.095488	0.149866	
177	2.038739	-1.113281	-0.105340	0.158123	
178	2.038739	-1.113281	-0.105340	0.158123	
178	2.049332	-1.054688	-0.114870	0.165616	
179	2.049332	-1.054688	-0.114870	0.165616	
179	2.050781	-1.046343	-0.116204	0.166625	
180	2.050781	-1.046343	-0.116204	0.166625	
180	2.059723	-0.996094	-0.123956	0.172295	
181	2.059723	-0.996094	-0.123956	0.172295	
181	2.069813	-0.937500	-0.132581	0.178202	
182	2.069813	-0.937500	-0.132581	0.178202	
182	2.079665	-0.878906	-0.140684	0.183348	
183	2.079665	-0.878906	-0.140684	0.183348	
183	2.089384	-0.820312	-0.148193	0.187747	
184	2.089384	-0.820312	-0.148193	0.187747	
184	2.099070	-0.761719	-0.155029	0.191418	
185	2.099070	-0.761719	-0.155029	0.191418	
185	2.108827	-0.703125	-0.161114	0.194391	
186	2.109375	-0.699878	-0.161426	0.194536	
186	2.118925	-0.644531	-0.166311	0.196683	
187	2.118925	-0.644531	-0.166311	0.196683	
187	2.129272	-0.585938	-0.170604	0.198374	
188	2.129272	-0.585938	-0.170604	0.198374	
188	2.139937	-0.527344	-0.173927	0.199528	
189	2.139937	-0.527344	-0.173927	0.199528	
189	2.150986	-0.468750	-0.176218	0.200219	
190	2.108827	-0.703125	-0.161114	0.194391	
190	2.109375	-0.699878	-0.161426	0.194536	
191	2.150986	-0.468750	-0.176218	0.200219	
191	2.162464	-0.410156	-0.177425	0.200530	
192	2.167969	-0.383158	-0.177582	0.200565	
192	2.174496	-0.351562	-0.177474	0.200545	
193	2.162464	-0.410156	-0.177425	0.200530	
193	2.167969	-0.383158	-0.177582	0.200565	
194	2.174496	-0.351562	-0.177474	0.200545	
194	2.187065	-0.292969	-0.176348	0.200367	
195	2.187065	-0.292969	-0.176348	0.200367	
195	2.200067	-0.234375	-0.174071	0.200103	
196	2.200067	-0.234375	-0.174071	0.200103	
196	2.213462	-0.175781	-0.170652	0.199851	
197	2.213462	-0.175781	-0.170652	0.199851	
197	2.226562	-0.119871	-0.166344	0.199711	
198	2.226562	-0.119871	-0.166344	0.199711	
198	2.227196	-0.117188	-0.166113	0.199708	
199	2.227196	-0.117188	-0.166113	0.199708	
199	2.241386	-0.058594	-0.160417	0.199766	
200	2.241386	-0.058594	-0.160417	0.199766	
200	2.255739	0.000000	-0.153695	0.200111	
201	1.831732	-1.875000	0.032117	-0.004902	
201	1.853814	-1.816406	0.021563	0.011593	
202	1.853814	-1.816406	0.021563	0.011593	
202	1.874495	-1.757812	0.010880	0.027523	
203	1.874495	-1.757812	0.010880	0.027523	
203	1.875000	-1.756308	0.010603	0.027927	
204	2.255739	0.000000	-0.153695	0.200111	
204	2.270151	0.058594	-0.146007	0.200816	
205	2.270151	0.058594	-0.146007	0.200816	
205	2.284514	0.117188	-0.137425	0.201941	
206	2.284514	0.117188	-0.137425	0.201941	
206	2.285156	0.119805	-0.137021	0.202002	
207	2.285156	0.119805	-0.137021	0.202002	
207	2.298978	0.175781	-0.127922	0.203556	
208	2.298978	0.175781	-0.127922	0.203556	
208	2.313203	0.234375	-0.117663	0.205691	
209	2.313203	0.234375	-0.117663	0.205691	
209	2.327075	0.292969	-0.106730	0.208374	
210	2.327075	0.292969	-0.106730	0.208374	
210	2.340500	0.351562	-0.095196	0.211627	
211	2.340500	0.351562	-0.095196	0.211627	
211	2.343750	0.366207	-0.092237	0.212528	
212	2.343750	0.366207	-0.092237	0.212528	
212	2.353613	0.410156	-0.083046	0.215493	
213	2.353613	0.410156	-0.083046	0.215493	
213	2.366195	0.468750	-0.070402	0.219965	
214	2.366195	0.468750	-0.070402	0.219965	
214	2.378103	0.527344	-0.057354	0.225036	
215	2.378103	0.527344	-0.057354	0.225036	
215	2.389277	0.585938	-0.043959	0.230704	
216	2.389277	0.585938	-0.043959	0.230704	
216	2.399667	0.644531	-0.030266	0.236964	
217	2.402344	0.660840	-0.026434	0.238798	
217	2.409410	0.703125	-0.016259	0.243839	
218	2.399667	0.644531	-0.030266	0.236964	
218	2.402344	0.660840	-0.026434	0.238798	
219	2.409410	0.703125	-0.016259	0.243839	
219	2.418343	0.761719	-0.002025	0.251300	
220	2.418343	0.761719	-0.002025	0.251300	
220	2.426363	0.820312	0.012370	0.259323	
221	2.426363	0.820312	0.012370	0.259323	
221	2.433439	0.878906	0.026892	0.267894	
222	2.433439	0.878906	0.026892	0.267894	
222	2.439546	0.937500	0.041509	0.276999	
223	2.439546	0.937500	0.041509	0.276999	
223	2.444660	0.996094	0.056191	0.286623	
224	2.444660	0.996094	0.056191	0.286623	
224	2.448761	1.054688	0.070912	0.296752	
225	2.448761	1.054688	0.070912	0.296752	
225	2.451827	1.113281	0.085649	0.307370	
226	2.451827	1.113281	0.085649	0.307370	
226	2.453838	1.171875	0.100378	0.318462	
227	2.453838	1.171875	0.100378	0.318462	
227	2.454771	1.230469	0.115078	0.330012	
228	2.454771	1.230469	0.115078	0.330012	
228	2.454605	1.289062	0.129730	0.342004	
229	2.454605	1.289062	0.129730	0.342004	
229	2.453315	1.347656	0.144313	0.354421	
230	2.453315	1.347656	0.144313	0.354421	
230	2.450875	1.406250	0.158812	0.367248	
231	2.450875	1.406250	0.158812	0.367248	
231	2.447258	1.464844	0.173208	0.380468	
232	2.447258	1.464844	0.173208	0.380468	
232	2.442432	1.523438	0.187486	0.394063	
233	2.442432	1.523438	0.187486	0.394063	
233	2.436366	1.582031	0.201631	0.408017	
234	2.436366	1.582031	0.201631	0.408017	
234	2.429025	1.640625	0.215628	0.422313	
235	2.429025	1.640625	0.215628	0.422313	
235	2.420371	1.699219	0.229464	0.436932	
236	2.420371	1.699219	0.229464	0.436932	
236	2.410365	1.757812	0.243126	0.451859	
237	2.399028	1.816406	0.256619	0.467095	
237	2.402344	1.799227	0.252645	0.462556	
238	2.402344	1.799227	0.252645	0.462556	
238	2.410365	1.757812	0.243126	0.451859	
239	2.399028	1.816406	0.256619	0.467095	
239	2.386415	1.875000	0.269953	0.482650	
240	2.339537	2.050781	0.308677	0.530821	
240	2.343750	2.036446	0.305565	0.526776	
241	2.339537	2.050781	0.308677	0.530821	
241	2.320927	2.109375	0.321172	0.547387	
242	2.320927	2.109375	0.321172	0.547387	
242	2.300601	2.167969	0.333419	0.564145	
243	2.285156	2.209191	0.341866	0.576021	
243	2.300601	2.167969	0.333419	0.564145	
244	2.278568	2.226562	0.345425	0.581104	
244	2.285156	2.209191	0.341866	0.576021	
245	2.278568	2.226562	0.345425	0.581104	
245	2.254846	2.285156	0.357197	0.598271	
246	2.254846	2.285156	0.357197	0.598271	
246	2.229182	2.343750	0.368696	0.615586	
247	2.386415	1.875000	0.269953	0.482650	
247	2.372319	1.933594	0.283078	0.498464	
248	2.372319	1.933594	0.283078	0.498464	
248	2.356691	1.992188	0.295984	0.514520	
249	2.343750	2.036446	0.305565	0.526776	
249	2.356691	1.992188	0.295984	0.514520	
250	2.106267	2.578125	0.411991	0.686305	
250	2.109375	2.572910	0.411075	0.684707	
251	2.201674	2.402344	0.379947	0.633084	
251	2.226562	2.349426	0.369791	0.617263	
252	2.201674	2.402344	0.379947	0.633084	
252	2.172055	2.460938	0.390912	0.650702	
253	2.226562	2.349426	0.369791	0.617263	
253	2.229182	2.343750	0.368696	0.615586	
254	2.140324	2.519531	0.401601	0.668456	
254	2.167969	2.468642	0.392327	0.653019	
255	2.167969	2.468642	0.392327	0.653019	
255	2.172055	2.460938	0.390912	0.650702	
256	2.109375	2.572910	0.411075	0.684707	
256	2.140324	2.519531	0.401601	0.668456	
257	2.106267	2.578125	0.411991	0.686305	
257	2.069772	2.636719	0.422078	0.704240	
258	2.050781	2.665627	0.426935	0.713105	
258	2.069772	2.636719	0.422078	0.704240	
259	2.030633	2.695312	0.431847	0.722232	
259	2.050781	2.665627	0.426935	0.713105	
260	1.992188	2.749155	0.440538	0.738803	
260	2.030633	2.695312	0.431847	0.722232	
261	1.988669	2.753906	0.441290	0.740265	
261	1.992188	2.749155	0.440538	0.738803	
262	1.988669	2.753906	0.441290	0.740265	
262	1.943568	2.812500	0.450385	0.758295	
263	1.895037	2.871094	0.459118	0.776292	
263	1.933594	2.824945	0.452275	0.762130	
264	1.933594	2.824945	0.452275	0.762130	
264	1.943568	2.812500	0.450385	0.758295	
265	1.875000	2.894169	0.462466	0.783386	
265	1.895037	2.871094	0.459118	0.776292	
266	1.842722	2.929688	0.467475	0.794223	
266	1.875000	2.894169	0.462466	0.783386	
267	1.786149	2.988281	0.475432	0.812040	
267	1.816406	2.957668	0.471340	0.802781	
268	1.816406	2.957668	0.471340	0.802781	
268	1.842722	2.929688	0.467475	0.794223	
269	1.757812	3.016097	0.479081	0.820482	
269	1.786149	2.988281	0.475432	0.812040	
270	1.724722	3.046875	0.482966	0.829682	
270	1.757812	3.016097	0.479081	0.820482	
271	1.657686	3.105469	0.490047	0.847081	
271	1.699219	3.069977	0.485833	0.836623	
272	1.699219	3.069977	0.485833	0.836623	
272	1.724722	3.046875	0.482966	0.829682	
273	1.640625	3.119720	0.491714	0.851309	
273	1.657686	3.105469	0.490047	0.847081	
274	1.584091	3.164062	0.496645	0.864156	
274	1.640625	3.119720	0.491714	0.851309	
275	1.523438	3.208193	0.501264	0.876714	
275	1.582031	3.165647	0.496819	0.864620	
276	1.582031	3.165647	0.496819	0.864620	
276	1.584091	3.164062	0.496645	0.864156	
277	1.502052	3.222656	0.502680	0.880682	
277	1.523438	3.208193	0.501264	0.876714	
278	1.464844	3.247466	0.505091	0.887585	
278	1.502052	3.222656	0.502680	0.880682	
279	1.410092	3.281250	0.508137	0.896603	
279	1.464844	3.247466	0.505091	0.887585	
280	1.406250	3.283594	0.508348	0.897241	
280	1.410092	3.281250	0.508137	0.896603	
281	1.054688	3.445623	0.519166	0.933776	
281	1.113281	3.424669	0.518227	0.930136	
282	1.113281	3.424669	0.518227	0.930136	
282	1.171875	3.401293	0.516966	0.925473	
283	1.019057	3.457031	0.519565	0.935384	
283	1.054688	3.445623	0.519166	0.933776	
284	0.996094	3.464410	0.519842	0.936527	
284	1.019057	3.457031	0.519565	0.935384	
285	0.937500	3.481186	0.520295	0.938464	
285	0.996094	3.464410	0.519842	0.936527	
286	1.230469	3.375769	0.515413	0.919984	
286	1.289062	3.347630	0.513469	0.913415	
287	1.178443	3.398438	0.516790	0.924836	
287	1.230469	3.375769	0.515413	0.919984	
288	1.304048	3.339844	0.512875	0.911463	
288	1.347656	3.317037	0.511145	0.905899	
289	1.347656	3.317037	0.511145	0.905899	
289	1.406250	3.283594	0.508348	0.897241	
290	1.289062	3.347630	0.513469	0.913415	
290	1.304048	3.339844	0.512875	0.911463	
291	1.171875	3.401293	0.516966	0.925473	
291	1.178443	3.398438	0.516790	0.924836	
292	0.878906	3.495817	0.520522	0.939485	
292	0.937500	3.481186	0.520295	0.938464	
293	0.820312	3.508382	0.520551	0.939623	
293	0.878906	3.495817	0.520522	0.939485	
294	0.780306	3.515625	0.520448	0.939106	
294	0.820312	3.508382	0.520551	0.939623	
295	0.703125	3.527856	0.520152	0.937540	
295	0.761719	3.519025	0.520419	0.938955	
296	0.761719	3.519025	0.520419	0.938955	
296	0.780306	3.515625	0.520448	0.939106	
297	0.468750	3.544419	0.517990	0.923815	
297	0.527344	3.543022	0.518655	0.928424	
298	0.527344	3.543022	0.518655	0.928424	
298	0.585938	3.539815	0.519250	0.932256	
299	0.585938	3.539815	0.519250	0.932256	
299	0.644531	3.534772	0.519756	0.935300	
300	0.644531	3.534772	0.519756	0.935300	
300	0.703125	3.527856	0.520152	0.937540	
301	0.117188	3.515396	0.513497	0.880128	
301	0.118659	3.515625	0.513513	0.880351	
302	0.058594	3.504517	0.512830	0.870315	
302	0.117188	3.515396	0.513497	0.880128	
303	0.000000	3.491816	0.512228	0.859728	
303	0.058594	3.504517	0.512830	0.870315	
304	0.234375	3.532201	0.514979	0.897746	
304	0.292969	3.537918	0.515751	0.905404	
305	0.292969	3.537918	0.515751	0.905404	
305	0.351562	3.541859	0.516521	0.912301	
306	0.351562	3.541859	0.516521	0.912301	
306	0.410156	3.544028	0.517273	0.918438	
307	0.410156	3.544028	0.517273	0.918438	
307	0.468750	3.544419	0.517990	0.923815	
308	0.118659	3.515625	0.513513	0.880351	
308	0.175781	3.524698	0.514222	0.889322	
309	0.175781	3.524698	0.514222	0.889322	
309	0.234375	3.532201	0.514979	0.897746	
310	-2.496462	0.000000	0.704756	-0.057594	
310	-2.460938	0.037097	0.722132	-0.055100	
311	-2.460938	0.037097	0.722132	-0.055100	
311	-2.442054	0.058594	0.731262	-0.053946	
312	-2.402344	0.105309	0.749987	-0.051962	
312	-2.392858	0.117188	0.754370	-0.051579	
313	-2.442054	0.058594	0.731262	-0.053946	
313	-2.402344	0.105309	0.749987	-0.051962	
314	-2.392858	0.117188	0.754370	-0.051579	
314	-2.347693	0.175781	0.774572	-0.050269	
315	-2.347693	0.175781	0.774572	-0.050269	
315	-2.343750	0.181134	0.776280	-0.050195	
316	-2.343750	0.181134	0.776280	-0.050195	
316	-2.306010	0.234375	0.792091	-0.049831	
317	-2.306010	0.234375	0.792091	-0.049831	
317	-2.285156	0.265389	0.800358	-0.049891	
318	-2.285156	0.265389	0.800358	-0.049891	
318	-2.267158	0.292969	0.807188	-0.050089	
319	-2.267158	0.292969	0.807188	-0.050089	
319	-2.230977	0.351562	0.819928	-0.050873	
320	-2.226562	0.359158	0.821377	-0.051000	
320	-2.197551	0.410156	0.830298	-0.051991	
321	-2.167969	0.465812	0.838128	-0.053205	
321	-2.166436	0.468750	0.838498	-0.053272	
322	-2.197551	0.410156	0.830298	-0.051991	
322	-2.167969	0.465812	0.838128	-0.053205	
323	-2.230977	0.351562	0.819928	-0.050873	
323	-2.226562	0.359158	0.821377	-0.051000	
324	-2.166436	0.468750	0.838498	-0.053272	
324	-2.137956	0.527344	0.844452	-0.054499	
325	-2.137956	0.527344	0.844452	-0.054499	
325	-2.111595	0.585938	0.848407	-0.055516	
326	-2.111595	0.585938	0.848407	-0.055516	
326	-2.109375	0.591280	0.848643	-0.055585	
327	-2.109375	0.591280	0.848643	-0.055585	
327	-2.087649	0.644531	0.850333	-0.056110	
328	-2.087649	0.644531	0.850333	-0.056110	
328	-2.065651	0.703125	0.850474	-0.056152	
329	-2.065651	0.703125	0.850474	-0.056152	
329	-2.050781	0.746131	0.849482	-0.055734	
330	-2.050781	0.746131	0.849482	-0.055734	
330	-2.045500	0.761719	0.848953	-0.055497	
331	-2.045500	0.761719	0.848953	-0.055497	
331	-2.027192	0.820312	0.845868	-0.054002	
332	-2.027192	0.820312	0.845868	-0.054002	
332	-2.010233	0.878906	0.841469	-0.051619	
333	-2.010233	0.878906	0.841469	-0.051619	
333	-1.994390	0.937500	0.835918	-0.048288	
334	-1.994390	0.937500	0.835918	-0.048288	
334	-1.992188	0.946128	0.834999	-0.047706	
335	-1.992188	0.946128	0.834999	-0.047706	
335	-1.979736	0.996094	0.829284	-0.043916	
336	-1.979736	0.996094	0.829284	-0.043916	
336	-1.965791	1.054688	0.821788	-0.038525	
337	-1.965791	1.054688	0.821788	-0.038525	
337	-1.952270	1.113281	0.813582	-0.032124	
338	-1.952270	1.113281	0.813582	-0.032124	
338	-1.938951	1.171875	0.804789	-0.024728	
339	-1.938951	1.171875	0.804789	-0.024728	
339	-1.933594	1.195495	0.801103	-0.021470	
340	-1.933594	1.195495	0.801103	-0.021470	
340	-1.925845	1.230469	0.795470	-0.016313	
341	-1.925845	1.230469	0.795470	-0.016313	
341	-1.912699	1.289062	0.785745	-0.006919	
342	-1.912699	1.289062	0.785745	-0.006919	
342	-1.899189	1.347656	0.775735	0.003390	
343	-1.899189	1.347656	0.775735	0.003390	
343	-1.885152	1.406250	0.765516	0.014576	
344	-1.885152	1.406250	0.765516	0.014576	
344	-1.875000	1.446779	0.758370	0.022794	
345	-1.875000	1.446779	0.758370	0.022794	
345	-1.870559	1.464844	0.755130	0.026629	
346	-1.870559	1.464844	0.755130	0.026629	
346	-1.855441	1.523438	0.744608	0.039550	
347	-1.855441	1.523438	0.744608	0.039550	
347	-1.839390	1.582031	0.734056	0.053238	
348	-1.839390	1.582031	0.734056	0.053238	
348	-1.822289	1.640625	0.723515	0.067658	
349	-1.822289	1.640625	0.723515	0.067658	
349	-1.816406	1.659679	0.720108	0.072482	
350	-1.816406	1.659679	0.720108	0.072482	
350	-1.804336	1.699219	0.712975	0.082847	
351	-1.804336	1.699219	0.712975	0.082847	
351	-1.785279	1.757812	0.702497	0.098740	
352	-1.757812	1.835564	0.688784	0.120796	
352	-1.743349	1.875000	0.681864	0.132494	
353	-1.785279	1.757812	0.702497	0.098740	
353	-1.764871	1.816406	0.692133	0.115273	
354	-1.764871	1.816406	0.692133	0.115273	
354	-1.757812	1.835564	0.688784	0.120796	
355	-1.743349	1.875000	0.681864	0.132494	
355	-1.720458	1.933594	0.671737	0.150343	
356	-1.699219	1.984526	0.663085	0.166314	
356	-1.696022	1.992188	0.661784	0.168777	
357	-1.720458	1.933594	0.671737	0.150343	
357	-1.699219	1.984526	0.663085	0.166314	
358	-1.696022	1.992188	0.661784	0.168777	
358	-1.670316	2.050781	0.651983	0.187856	
359	-1.670316	2.050781	0.651983	0.187856	
359	-1.642836	2.109375	0.642398	0.207474	
360	-1.640625	2.113887	0.641671	0.209002	
360	-1.613930	2.167969	0.633000	0.227707	
361	-1.613930	2.167969	0.633000	0.227707	
361	-1.583121	2.226562	0.623842	0.248465	
362	-1.523438	2.331699	0.607996	0.287130	
362	-1.516264	2.343750	0.606227	0.291686	
363	-1.583121	2.226562	0.623842	0.248465	
363	-1.582031	2.228556	0.623536	0.249178	
364	-1.582031	2.228556	0.623536	0.249178	
364	-1.550701	2.285156	0.614905	0.269814	
365	-1.550701	2.285156	0.614905	0.269814	
365	-1.523438	2.331699	0.607996	0.287130	
366	-1.642836	2.109375	0.642398	0.207474	
366	-1.640625	2.113887	0.641671	0.209002	
367	-1.406250	2.511805	0.582822	0.357469	
367	-1.400769	2.519531	0.581802	0.360604	
368	-1.400769	2.519531	0.581802	0.360604	
368	-1.357757	2.578125	0.574242	0.384670	
369	-1.171875	2.798540	0.548728	0.480240	
369	-1.158549	2.812500	0.547283	0.486560	
370	-1.357757	2.578125	0.574242	0.384670	
370	-1.347656	2.591417	0.572570	0.390206	
371	-1.347656	2.591417	0.572570	0.390206	
371	-1.312224	2.636719	0.566996	0.409287	
372	-1.312224	2.636719	0.566996	0.409287	
372	-1.289062	2.665326	0.563574	0.421515	
373	-1.289062	2.665326	0.563574	0.421515	
373	-1.263989	2.695312	0.560077	0.434465	
374	-1.263989	2.695312	0.560077	0.434465	
374	-1.230469	2.734188	0.555672	0.451496	
375	-1.230469	2.734188	0.555672	0.451496	
375	-1.212850	2.753906	0.553501	0.460217	
376	-1.212850	2.753906	0.553501	0.460217	
376	-1.171875	2.798540	0.548728	0.480240	
377	-1.516264	2.343750	0.606227	0.291686	
377	-1.479919	2.402344	0.597805	0.314118	
378	-1.464844	2.425606	0.594542	0.323161	
378	-1.441465	2.460938	0.589659	0.337091	
379	-1.479919	2.402344	0.597805	0.314118	
379	-1.464844	2.425606	0.594542	0.323161	
380	-1.441465	2.460938	0.589659	0.337091	
380	-1.406250	2.511805	0.582822	0.357469	
381	-0.937500	3.018518	0.528549	0.584250	
381	-0.902270	3.046875	0.526395	0.598345	
382	-0.585938	3.261121	0.514047	0.711824	
382	-0.549089	3.281250	0.513305	0.723228	
383	-0.703125	3.190221	0.517287	0.672779	
383	-0.651067	3.222656	0.515691	0.690408	
384	-0.644531	3.226725	0.515504	0.692655	
384	-0.585938	3.261121	0.514047	0.711824	
385	-0.651067	3.222656	0.515691	0.690408	
385	-0.644531	3.226725	0.515504	0.692655	
386	-0.902270	3.046875	0.526395	0.598345	
386	-0.878906	3.065483	0.525036	0.607736	
387	-0.878906	3.065483	0.525036	0.607736	
387	-0.825820	3.105469	0.522293	0.628124	
388	-0.825820	3.105469	0.522293	0.628124	
388	-0.820312	3.109585	0.522023	0.630256	
389	-0.761719	3.151168	0.519450	0.651958	
389	-0.742417	3.164062	0.518710	0.658759	
390	-0.820312	3.109585	0.522023	0.630256	
390	-0.761719	3.151168	0.519450	0.651958	
391	-0.742417	3.164062	0.518710	0.658759	
391	-0.703125	3.190221	0.517287	0.672779	
392	-0.468750	3.323129	0.512036	0.747596	
392	-0.433462	3.339844	0.511644	0.757545	
393	-0.410156	3.350956	0.511421	0.764272	
393	-0.351562	3.376847	0.511031	0.780222	
394	-0.433462	3.339844	0.511644	0.757545	
394	-0.410156	3.350956	0.511421	0.764272	
395	-0.351562	3.376847	0.511031	0.780222	
395	-0.298221	3.398438	0.510855	0.793897	
396	-0.298221	3.398438	0.510855	0.793897	
396	-0.292969	3.400585	0.510845	0.795280	
397	-0.292969	3.400585	0.510845	0.795280	
397	-0.234375	3.422661	0.510840	0.809749	
398	-0.058594	3.477253	0.511708	0.848349	
398	0.000000	3.491816	0.512228	0.859728	
399	-0.117188	3.460780	0.511289	0.836157	
399	-0.058594	3.477253	0.511708	0.848349	
400	-0.234375	3.422661	0.510840	0.809749	
400	-0.175781	3.442674	0.510995	0.823346	
401	-0.175781	3.442674	0.510995	0.823346	
401	-0.129180	3.457031	0.511215	0.833469	
402	-0.129180	3.457031	0.511215	0.833469	
402	-0.117188	3.460780	0.511289	0.836157	
403	-0.549089	3.281250	0.513305	0.723228	
403	-0.527344	3.293164	0.512904	0.730091	
404	-0.527344	3.293164	0.512904	0.730091	
404	-0.468750	3.323129	0.512036	0.747596	
405	-1.158549	2.812500	0.547283	0.486560	
405	-1.113281	2.858822	0.542630	0.507828	
406	-1.113281	2.858822	0.542630	0.507828	
406	-1.100769	2.871094	0.541442	0.513512	
407	-1.100769	2.871094	0.541442	0.513512	
407	-1.054688	2.915395	0.537285	0.534327	
408	-1.054688	2.915395	0.537285	0.534327	
408	-1.039124	2.929688	0.535998	0.541100	
409	-1.039124	2.929688	0.535998	0.541100	
409	-0.996094	2.968550	0.532613	0.559789	
410	-0.996094	2.968550	0.532613	0.559789	
410	-0.973146	2.988281	0.530973	0.569361	
411	-0.973146	2.988281	0.530973	0.569361	
411	-0.937500	3.018518	0.528549	0.584250	
