#REFERENCE 0 217.4783710 12.0432340
O1 217.4782577 12.0433160 0.0000 0.0000 84.55 0.00
O1 217.478258 12.043316 0.0000 0.0000 84.55 0.00
O1 217.4782577 12.0433160 0.0000 0.0000 84.55 0.00
O1 217.4782577 12.0433160 5.7887 3.2449 84.55 578.64
O2 217.4783710 12.0432340 0.0000 0.0000 45.68 0.00
O2 217.478371 12.043234 0.0000 0.0000 45.68 0.00
O2 217.4783710 12.0432340 0.0000 0.0000 45.68 0.00
O2 217.4783710 12.0432340 1.7006 1.5637 45.68 28.72
2 217.4753150 12.0475130 0.0000 0.0000 -69.80 0.00
2 217.475315 12.047513 0.0000 0.0000 -69.80 0.00
2 217.4753150 12.0475130 0.0000 0.0000 -69.80 0.00
2 217.4753150 12.0475130 0.7575 0.6331 -69.80 0.41
3 217.4844480 12.0335320 0.0000 0.0000 82.20 0.00
3 217.484448 12.033532 0.0000 0.0000 82.20 0.00
3 217.4844480 12.0335320 0.0000 0.0000 82.20 0.00
3 217.4844480 12.0335320 1.3158 0.5181 82.20 0.39
4 217.4689080 12.0238220 0.0000 0.0000 -49.10 0.00
4 217.468908 12.023822 0.0000 0.0000 -49.10 0.00
4 217.4689080 12.0238220 0.0000 0.0000 -49.10 0.00
4 217.4689080 12.0238220 0.7105 0.6163 -49.10 0.34
5 217.4832330 12.0235800 0.0000 0.0000 82.20 0.00
5 217.483233 12.023580 0.0000 0.0000 82.20 0.00
5 217.4832330 12.0235800 0.0000 0.0000 82.20 0.00
5 217.4832330 12.0235800 1.0220 0.5107 82.20 0.32
6 217.4739320 12.0434610 0.0000 0.0000 -54.60 0.00
6 217.473932 12.043461 0.0000 0.0000 -54.60 0.00
6 217.4739320 12.0434610 0.0000 0.0000 -54.60 0.00
6 217.4739320 12.0434610 1.0566 0.5040 -54.60 0.31
7 217.4750510 12.0466690 0.0000 0.0000 -36.80 0.00
7 217.475051 12.046669 0.0000 0.0000 -36.80 0.00
7 217.4750510 12.0466690 0.0000 0.0000 -36.80 0.00
7 217.4750510 12.0466690 0.8330 0.5364 -36.80 0.30
8 217.4722090 12.0149920 0.0000 0.0000 27.20 0.00
8 217.472209 12.014992 0.0000 0.0000 27.20 0.00
8 217.4722090 12.0149920 0.0000 0.0000 27.20 0.00
8 217.4722090 12.0149920 0.8104 0.4856 27.20 0.22
9 217.4747990 12.0410420 0.0000 0.0000 -72.30 0.00
9 217.474799 12.041042 0.0000 0.0000 -72.30 0.00
9 217.4747990 12.0410420 0.0000 0.0000 -72.30 0.00
9 217.4747990 12.0410420 0.6681 0.5211 -72.30 0.21
10 217.4813750 12.0440930 0.0000 0.0000 15.80 0.00
10 217.481375 12.044093 0.0000 0.0000 15.80 0.00
10 217.4813750 12.0440930 0.0000 0.0000 15.80 0.00
10 217.4813750 12.0440930 0.8902 0.4354 15.80 0.17
11 217.4725810 12.0240900 0.0000 0.0000 -58.40 0.00
11 217.472581 12.024090 0.0000 0.0000 -58.40 0.00
11 217.4725810 12.0240900 0.0000 0.0000 -58.40 0.00
11 217.4725810 12.0240900 0.6607 0.4654 -58.40 0.15
12 217.4716930 12.0199470 0.0000 0.0000 -17.20 0.00
12 217.471693 12.019947 0.0000 0.0000 -17.20 0.00
12 217.4716930 12.0199470 0.0000 0.0000 -17.20 0.00
12 217.4716930 12.0199470 0.7223 0.4453 -17.20 0.15
13 217.4608700 12.0208050 0.0000 0.0000 -86.20 0.00
13 217.460870 12.020805 0.0000 0.0000 -86.20 0.00
13 217.4608700 12.0208050 0.0000 0.0000 -86.20 0.00
13 217.4608700 12.0208050 0.5564 0.5060 -86.20 0.14
14 217.4802740 12.0343070 0.0000 0.0000 -87.00 0.00
14 217.480274 12.034307 0.0000 0.0000 -87.00 0.00
14 217.4802740 12.0343070 0.0000 0.0000 -87.00 0.00
14 217.4802740 12.0343070 0.5744 0.4682 -87.00 0.13
15 217.4894570 12.0187870 0.0000 0.0000 22.50 0.00
15 217.489457 12.018787 0.0000 0.0000 22.50 0.00
15 217.4894570 12.0187870 0.0000 0.0000 22.50 0.00
15 217.4894570 12.0187870 0.6099 0.4403 22.50 0.12
16 217.4760540 12.0476990 0.0000 0.0000 17.50 0.00
16 217.476054 12.047699 0.0000 0.0000 17.50 0.00
16 217.4760540 12.0476990 0.0000 0.0000 17.50 0.00
16 217.4760540 12.0476990 0.6002 0.4421 17.50 0.12
17 217.4740170 12.0435790 0.0000 0.0000 -55.00 0.00
17 217.474017 12.043579 0.0000 0.0000 -55.00 0.00
17 217.4740170 12.0435790 0.0000 0.0000 -55.00 0.00
17 217.4740170 12.0435790 0.5413 0.4512 -55.00 0.11
18 217.4775010 12.0360480 0.0000 0.0000 49.70 0.00
18 217.477501 12.036048 0.0000 0.0000 49.70 0.00
18 217.4775010 12.0360480 0.0000 0.0000 49.70 0.00
18 217.4775010 12.0360480 0.5882 0.3982 49.70 0.09
19 217.4768180 12.0367980 0.0000 0.0000 -42.90 0.00
19 217.476818 12.036798 0.0000 0.0000 -42.90 0.00
19 217.4768180 12.0367980 0.0000 0.0000 -42.90 0.00
19 217.4768180 12.0367980 0.4808 0.4412 -42.90 0.08
20 217.4761930 12.0479100 0.0000 0.0000 -65.40 0.00
20 217.476193 12.047910 0.0000 0.0000 -65.40 0.00
20 217.4761930 12.0479100 0.0000 0.0000 -65.40 0.00
20 217.4761930 12.0479100 0.4560 0.4190 -65.40 0.07
21 217.4793580 12.0430920 0.0000 0.0000 -84.00 0.00
21 217.479358 12.043092 0.0000 0.0000 -84.00 0.00
21 217.4793580 12.0430920 0.0000 0.0000 -84.00 0.00
21 217.4793580 12.0430920 0.4396 0.4094 -84.00 0.06
22 217.4711660 12.0230900 0.0000 0.0000 49.00 0.00
22 217.471166 12.023090 0.0000 0.0000 49.00 0.00
22 217.4711660 12.0230900 0.0000 0.0000 49.00 0.00
22 217.4711660 12.0230900 0.4623 0.3743 49.00 0.05
23 217.4808810 12.0225670 0.0000 0.0000 -74.50 0.00
23 217.480881 12.022567 0.0000 0.0000 -74.50 0.00
23 217.4808810 12.0225670 0.0000 0.0000 -74.50 0.00
23 217.4808810 12.0225670 0.6307 0.3246 -74.50 0.05
24 217.4911400 12.0293750 0.0000 0.0000 19.80 0.00
24 217.491140 12.029375 0.0000 0.0000 19.80 0.00
24 217.4911400 12.0293750 0.0000 0.0000 19.80 0.00
24 217.4911400 12.0293750 0.7255 0.3136 19.80 0.05
25 217.4642670 12.0281250 0.0000 0.0000 -18.30 0.00
25 217.464267 12.028125 0.0000 0.0000 -18.30 0.00
25 217.4642670 12.0281250 0.0000 0.0000 -18.30 0.00
25 217.4642670 12.0281250 0.5762 0.3205 -18.30 0.04
26 217.4808460 12.0521030 0.0000 0.0000 -32.30 0.00
26 217.480846 12.052103 0.0000 0.0000 -32.30 0.00
26 217.4808460 12.0521030 0.0000 0.0000 -32.30 0.00
26 217.4808460 12.0521030 0.5373 0.3273 -32.30 0.04
27 217.4765900 12.0510680 0.0000 0.0000 -70.80 0.00
27 217.476590 12.051068 0.0000 0.0000 -70.80 0.00
27 217.4765900 12.0510680 0.0000 0.0000 -70.80 0.00
27 217.4765900 12.0510680 0.4043 0.3519 -70.80 0.04
28 217.4683980 12.0298150 0.0000 0.0000 -83.00 0.00
28 217.468398 12.029815 0.0000 0.0000 -83.00 0.00
28 217.4683980 12.0298150 0.0000 0.0000 -83.00 0.00
28 217.4683980 12.0298150 0.3613 0.3417 -83.00 0.03
29 217.4827320 12.0228730 0.0000 0.0000 -16.00 0.00
29 217.482732 12.022873 0.0000 0.0000 -16.00 0.00
29 217.4827320 12.0228730 0.0000 0.0000 -16.00 0.00
29 217.4827320 12.0228730 0.3571 0.3362 -16.00 0.03
30 217.4782770 12.0229580 0.0000 0.0000 -5.90 0.00
30 217.478277 12.022958 0.0000 0.0000 -5.90 0.00
30 217.4782770 12.0229580 0.0000 0.0000 -5.90 0.00
30 217.4782770 12.0229580 0.3681 0.3126 -5.90 0.02
31 217.4990970 12.0423850 0.0000 0.0000 25.80 0.00
31 217.499097 12.042385 0.0000 0.0000 25.80 0.00
31 217.4990970 12.0423850 0.0000 0.0000 25.80 0.00
31 217.4990970 12.0423850 0.8324 0.2449 25.80 0.02
32 217.4900120 12.0427200 0.0000 0.0000 -6.20 0.00
32 217.490012 12.042720 0.0000 0.0000 -6.20 0.00
32 217.4900120 12.0427200 0.0000 0.0000 -6.20 0.00
32 217.4900120 12.0427200 0.3890 0.2905 -6.20 0.02
33 217.4663150 12.0321170 0.0000 0.0000 -7.40 0.00
33 217.466315 12.032117 0.0000 0.0000 -7.40 0.00
33 217.4663150 12.0321170 0.0000 0.0000 -7.40 0.00
33 217.4663150 12.0321170 0.3742 0.2837 -7.40 0.02
34 217.4812840 12.0493410 0.0000 0.0000 -88.90 0.00
34 217.481284 12.049341 0.0000 0.0000 -88.90 0.00
34 217.4812840 12.0493410 0.0000 0.0000 -88.90 0.00
34 217.4812840 12.0493410 0.3071 0.2822 -88.90 0.01
