#REFERENCE 0 217.4783710 12.0432340
1.1 217.4773600 12.0435058 0.284414 0.019233 106.22555 2.8240 0.66 
1.1 217.4789808 12.0439238 0.317306 0.028996 43.91463 2.8240 0.09 
1.1 217.4783937 12.0431779 0.042936 0.003957 80.34705 2.8240 4.42 
1.1 217.4785032 12.0428299 0.130117 0.017163 62.53800 2.8240 1.63 
1.1 217.4783709 12.0440410 0.100003 0.099998 136.75986 2.8240 -0.00 
1.2 217.4773582 12.0435041 0.286958 0.020341 118.20711 2.8240 0.58 
1.2 217.4783771 12.0440410 0.343831 0.031497 9.58137 2.8240 -0.09 
1.2 217.4783939 12.0431780 0.032172 0.005660 102.78055 2.8240 4.35 
1.2 217.4785043 12.0428300 0.114080 0.021010 33.65336 2.8240 1.55 
1.2 217.4789774 12.0439246 0.099999 0.099989 114.98857 2.8240 0.00 
1.3 217.4784018 12.0440412 0.559407 0.035423 175.25858 2.8240 -0.74 
1.3 217.4789617 12.0439297 0.524585 0.035325 26.12064 2.8240 -0.67 
1.3 217.4783949 12.0431781 0.031867 0.009985 43.48154 2.8240 3.74 
1.3 217.4785083 12.0428314 0.103615 0.040347 118.26364 2.8240 0.95 
1.3 217.4773522 12.0434997 0.100006 0.099998 141.81636 2.8240 -0.00 
1.4 217.4784706 12.0440516 0.864018 0.075637 2.24471 2.8240 -2.04 
1.4 217.4788853 12.0439705 0.729043 0.084947 20.64902 2.8240 -1.98 
1.4 217.4773484 12.0435227 0.255278 0.096102 123.43695 2.8240 -0.97 
1.4 217.4783980 12.0431729 0.035792 0.024198 65.05043 2.8240 2.66 
1.4 217.4785086 12.0428486 0.100006 0.099997 162.75102 2.8240 -0.00 
20.3 217.4788937 12.0439815 0.669654 0.032353 22.71541 2.8240 -0.84 
20.3 217.4784223 12.0440635 0.698471 0.033831 176.42472 2.8240 -0.93 
20.3 217.4783972 12.0431681 0.037294 0.009658 48.26068 2.8240 3.61 
20.3 217.4784961 12.0428583 0.105231 0.035582 109.11017 2.8240 1.07 
20.3 217.4773679 12.0435577 0.100003 0.099999 142.04705 2.8240 -0.00 
20.4 217.4773555 12.0435813 0.293617 0.091005 130.79443 2.8240 -1.07 
20.4 217.4784032 12.0431598 0.040443 0.029341 62.22144 2.8240 2.31 
20.4 217.4784992 12.0428845 0.100002 0.099997 73.76179 2.8240 0.00 
30.1 217.4773152 12.0433193 0.250222 0.026928 96.92869 2.8240 0.43 
30.1 217.4790959 12.0437701 0.292403 0.036567 55.23762 2.8240 -0.07 
30.1 217.4783914 12.0432032 0.031960 0.005455 82.74992 2.8240 4.40 
30.1 217.4785594 12.0427606 0.121903 0.033193 47.64102 2.8240 0.98 
30.1 217.4784030 12.0439716 0.100000 0.099993 90.30756 2.8240 0.00 
30.2 217.4784614 12.0439654 0.270550 0.033897 15.42005 2.8240 0.09 
30.2 217.4772979 12.0433025 0.193674 0.028079 115.02492 2.8240 0.66 
30.2 217.4785808 12.0427657 0.131789 0.026445 4.06303 2.8240 1.14 
30.2 217.4783943 12.0432046 0.022399 0.006564 119.18575 2.8240 4.58 
30.2 217.4790663 12.0437750 0.100007 0.100000 60.32404 2.8240 -0.00 
30.3 217.4784020 12.0439659 0.359590 0.040282 176.72999 2.8240 -0.40 
30.3 217.4791056 12.0437562 0.306038 0.051256 32.92715 2.8240 -0.49 
30.3 217.4785638 12.0427553 0.126742 0.048709 144.38696 2.8240 0.52 
30.3 217.4783911 12.0432050 0.022830 0.011201 25.67924 2.8240 3.98 
30.3 217.4773139 12.0433053 0.100001 0.100000 119.22170 2.8240 -0.00 
30.4 217.4790774 12.0437745 0.362477 0.076771 41.43201 2.8240 -1.11 
30.4 217.4784377 12.0439690 0.318715 0.080709 176.96672 2.8240 -1.03 
30.4 217.4773049 12.0433108 0.200379 0.080200 93.74054 2.8240 -0.52 
30.4 217.4783932 12.0432038 0.028610 0.014941 66.37264 2.8240 3.42 
30.4 217.4785716 12.0427641 0.100003 0.100000 168.42475 2.8240 -0.00 
2.1 217.4773858 12.0435872 0.303240 0.015353 110.99709 2.8240 0.83 
2.1 217.4783965 12.0431640 0.052286 0.003252 79.89982 2.8240 4.42 
2.1 217.4789019 12.0439898 0.335359 0.026406 38.25666 2.8240 0.13 
2.1 217.4784864 12.0428665 0.139784 0.011577 65.27093 2.8240 1.98 
2.1 217.4783795 12.0440712 0.100032 0.099999 170.48626 2.8240 -0.00 
2.2 217.4773871 12.0435830 0.328086 0.017150 120.56988 2.8240 0.62 
2.2 217.4783629 12.0440682 0.378877 0.030051 8.52215 2.8240 -0.14 
2.2 217.4783957 12.0431652 0.040062 0.004982 96.72168 2.8240 4.25 
2.2 217.4784860 12.0428627 0.118264 0.016570 44.50366 2.8240 1.77 
2.2 217.4789194 12.0439814 0.100000 0.099973 105.75483 2.8240 0.00 
3.1 217.4773446 12.0435101 0.283040 0.013836 108.03768 2.8240 1.02 
3.1 217.4783976 12.0431750 0.043718 0.003086 82.57857 2.8240 4.67 
3.1 217.4788994 12.0439598 0.325240 0.029271 39.98001 2.8240 0.05 
3.1 217.4785118 12.0428432 0.131098 0.012479 56.34137 2.8240 1.97 
3.1 217.4784672 12.0440470 0.100009 0.099997 27.49995 2.8240 -0.00 
3.2 217.4773392 12.0434979 0.278324 0.014456 116.31134 2.8240 0.99 
3.2 217.4784770 12.0440424 0.337025 0.030918 16.03055 2.8240 -0.04 
3.2 217.4783977 12.0431768 0.034125 0.004016 99.01695 2.8240 4.66 
3.2 217.4785160 12.0428393 0.116740 0.014799 35.21091 2.8240 1.91 
3.2 217.4789021 12.0439536 0.100003 0.099993 151.93598 2.8240 0.00 
4.1 217.4773774 12.0436004 0.308369 0.009345 113.28652 2.8240 1.35 
4.1 217.4784003 12.0431589 0.055208 0.002182 81.71436 2.8240 4.80 
4.1 217.4784890 12.0428825 0.141832 0.007103 61.01211 2.8240 2.49 
4.1 217.4788001 12.0440295 0.347621 0.026784 33.06316 2.8240 0.08 
4.1 217.4788001 12.0440295 0.347618 0.026785 33.06244 2.8240 0.08 
4.2 217.4773803 12.0436039 0.326570 0.010163 119.34676 2.8240 1.20 
4.2 217.4784000 12.0431585 0.047501 0.002914 91.01744 2.8240 4.65 
4.2 217.4784877 12.0428830 0.127051 0.009041 50.01466 2.8240 2.35 
4.2 217.4788082 12.0440284 0.100025 0.100001 16.88079 2.8240 -0.00 
4.2 217.4788082 12.0440284 0.100009 0.099996 52.59389 2.8240 -0.00 
5.1 217.4773725 12.0435965 0.307710 0.007653 113.58853 2.8240 1.57 
5.1 217.4784009 12.0431590 0.054492 0.001834 82.46240 2.8240 5.00 
5.1 217.4784912 12.0428831 0.140635 0.005943 59.41172 2.8240 2.69 
5.1 217.4787741 12.0440355 0.349200 0.027106 31.81909 2.8240 0.06 
5.1 217.4785166 12.0440773 0.100106 0.099998 178.15947 2.8240 -0.00 
5.2 217.4773733 12.0435971 0.319999 0.008096 118.39218 2.8240 1.47 
5.2 217.4784008 12.0431590 0.047940 0.002288 90.05967 2.8240 4.90 
5.2 217.4784909 12.0428830 0.128319 0.007149 50.27560 2.8240 2.59 
5.2 217.4785110 12.0440777 0.369784 0.028669 17.38420 2.8240 -0.06 
5.2 217.4787786 12.0440345 0.100001 0.099961 96.18826 2.8240 0.00 
